%YAML:1.0
calibration_time: "Kam 14 Jan 2016 05:08:11  WIB"
nframes: 10
image_width: 640
image_height: 480
board_width: 9
board_height: 6
square_size: 2.5000000372529030e-02
flags: 0
camera_matrix: !!opencv-matrix
   rows: 3
   cols: 3
   dt: d
   data: [ 5.1710084725619026e+02, 0., 2.8685885850925905e+02, 0.,
       5.1761725591754293e+02, 2.2773409506490489e+02, 0., 0., 1. ]
distortion_coefficients: !!opencv-matrix
   rows: 5
   cols: 1
   dt: d
   data: [ -1.2470147421900471e-01, 2.1908515809766654e-01,
       1.5903745151130682e-03, -1.8521522839370192e-03,
       -6.6705443333476874e-02 ]
avg_reprojection_error: 5.0847129353625353e-01
per_view_reprojection_errors: !!opencv-matrix
   rows: 10
   cols: 1
   dt: f
   data: [ 9.44760978e-01, 2.54923999e-01, 2.05015197e-01,
       4.04513657e-01, 4.88499731e-01, 8.38233829e-01, 3.02674711e-01,
       3.86698931e-01, 2.39602536e-01, 4.27063376e-01 ]
# a set of 6-tuples (rotation vector + translation vector) for each view
extrinsic_parameters: !!opencv-matrix
   rows: 10
   cols: 6
   dt: d
   data: [ -1.4098267922457960e-01, -3.7413521576622605e-01,
       -3.0591204414302635e+00, 1.8970533453977739e-01,
       1.1362401635805709e-01, 2.9723055458183845e-01,
       7.7852970769790265e-03, 5.1314614629677624e-01,
       3.0798870215619876e+00, 1.8587864297469697e-01,
       1.1199952268343447e-01, 3.2774354725254445e-01,
       -1.4188423085654064e-02, 4.4269716983936608e-01,
       3.1053939343627168e+00, 1.1321950680743134e-01,
       1.1321807886226452e-01, 3.1928400267030782e-01,
       8.9263771318150409e-01, -3.4354329553571711e-01,
       -2.9265596525425366e+00, 6.3463376146500744e-02,
       1.2051624764616931e-01, 3.3155874242385180e-01,
       1.0581415894112112e+00, -3.2185531319518784e-01,
       -2.8653783076193413e+00, 5.1116707989965975e-02,
       1.1843821831197839e-01, 3.3087029018746267e-01,
       4.4786955920970395e-01, -5.3713504863259853e-01,
       -3.0356586648985058e+00, 9.0216573522358151e-02,
       1.1023463517803314e-01, 3.1035399158405913e-01,
       4.7490997338951374e-01, 7.1816908528922874e-01,
       2.9961685607329489e+00, 1.7541051765226967e-01,
       9.6636258948907997e-02, 2.5712766119867203e-01,
       -2.3678864196144120e-01, -5.7321271126038964e-01,
       -3.0141053351421467e+00, 1.6784612080224132e-01,
       1.1325233107149262e-01, 2.7154386892783317e-01,
       -7.8868155253548997e-02, -6.2707960998526158e-01,
       -3.0164415195269507e+00, 1.2305003500619077e-01,
       1.2079991997673598e-01, 2.9819809329296310e-01,
       -6.4945441397116152e-02, 1.9396775770742056e-01,
       -3.0954527001003411e+00, 1.2815016236173257e-01,
       1.2490328929070284e-01, 3.1610334749314428e-01 ]
image_points: !!opencv-matrix
   rows: 10
   cols: 54
   dt: "2f"
   data: [ 6.11536255e+02, 4.24700256e+02, 5.65668335e+02,
       4.20229706e+02, 5.21846252e+02, 4.16108154e+02, 4.78733856e+02,
       4.12565063e+02, 4.36518066e+02, 4.09167206e+02, 3.95175690e+02,
       4.06157745e+02, 3.54105957e+02, 4.02816071e+02, 3.13505127e+02,
       3.99591095e+02, 2.73556732e+02, 3.96351654e+02, 6.06371033e+02,
       3.79172363e+02, 5.62541565e+02, 3.75541321e+02, 5.19832703e+02,
       3.72370361e+02, 4.77850006e+02, 3.69257721e+02, 4.36438293e+02,
       3.66463135e+02, 3.95751740e+02, 3.63595886e+02, 3.55404846e+02,
       3.61078308e+02, 3.15772217e+02, 3.58207520e+02, 2.76412262e+02,
       3.55372681e+02, 6.02693420e+02, 3.36128693e+02, 5.59695618e+02,
       3.33152496e+02, 5.18386902e+02, 3.30375397e+02, 4.76948517e+02,
       3.27877716e+02, 4.36381866e+02, 3.25524384e+02, 3.96400726e+02,
       3.23073700e+02, 3.57120972e+02, 3.20646820e+02, 3.17775208e+02,
       3.18110779e+02, 2.79160553e+02, 3.15607880e+02, 5.98608398e+02,
       2.94054352e+02, 5.57315369e+02, 2.91711792e+02, 5.16070740e+02,
       2.89676788e+02, 4.76301208e+02, 2.87505402e+02, 4.35909302e+02,
       2.85366730e+02, 3.97063629e+02, 2.83376434e+02, 3.57819122e+02,
       2.81279694e+02, 3.19443695e+02, 2.79069519e+02, 2.81063019e+02,
       2.76701355e+02, 5.95538208e+02, 2.54016769e+02, 5.54998230e+02,
       2.51487991e+02, 5.14917175e+02, 2.49944000e+02, 4.74873322e+02,
       2.48139160e+02, 4.35881989e+02, 2.46409531e+02, 3.97008148e+02,
       2.44882507e+02, 3.59099335e+02, 2.43253387e+02, 3.20814484e+02,
       2.41040253e+02, 2.83293274e+02, 2.39260620e+02, 5.92334045e+02,
       2.15271683e+02, 5.52882629e+02, 2.13522552e+02, 5.13092041e+02,
       2.11749725e+02, 4.74577850e+02, 2.10332138e+02, 4.35692078e+02,
       2.08617630e+02, 3.97892090e+02, 2.07411728e+02, 3.59524811e+02,
       2.05499069e+02, 3.22614868e+02, 2.04454941e+02, 2.85351135e+02,
       2.02451950e+02, 5.73809082e+02, 4.01306030e+02, 5.35287415e+02,
       4.01911591e+02, 4.96936707e+02, 4.02667206e+02, 4.58526093e+02,
       4.03756012e+02, 4.20027222e+02, 4.04839813e+02, 3.81488159e+02,
       4.06116364e+02, 3.42487000e+02, 4.07053558e+02, 3.03482147e+02,
       4.08078613e+02, 2.64437256e+02, 4.08851318e+02, 5.65746704e+02,
       3.61195892e+02, 5.28532471e+02, 3.61878418e+02, 4.91503693e+02,
       3.62807037e+02, 4.54040405e+02, 3.63853912e+02, 4.16296631e+02,
       3.65181122e+02, 3.78703491e+02, 3.66240143e+02, 3.40586823e+02,
       3.67358551e+02, 3.02554230e+02, 3.68206696e+02, 2.64363586e+02,
       3.68891418e+02, 5.58742676e+02, 3.23239838e+02, 5.22561279e+02,
       3.23981293e+02, 4.86345367e+02, 3.24820221e+02, 4.49759521e+02,
       3.26002991e+02, 4.12669495e+02, 3.27198792e+02, 3.76032318e+02,
       3.28261139e+02, 3.38989197e+02, 3.29046570e+02, 3.01726929e+02,
       3.29795227e+02, 2.64400360e+02, 3.30457275e+02, 5.51665710e+02,
       2.87346466e+02, 5.16718933e+02, 2.87862152e+02, 4.81199432e+02,
       2.88705994e+02, 4.45745331e+02, 2.89604004e+02, 4.09579987e+02,
       2.90658142e+02, 3.73713196e+02, 2.91604675e+02, 3.37379242e+02,
       2.92481201e+02, 3.00967316e+02, 2.92960541e+02, 2.64280670e+02,
       2.93671997e+02, 5.45226868e+02, 2.52692825e+02, 5.11168274e+02,
       2.53210190e+02, 4.76676788e+02, 2.53855133e+02, 4.41627441e+02,
       2.54710037e+02, 4.06564728e+02, 2.55590714e+02, 3.71232056e+02,
       2.56524170e+02, 3.35705475e+02, 2.57203400e+02, 3.00028503e+02,
       2.57680359e+02, 2.64166748e+02, 2.58491577e+02, 5.38780579e+02,
       2.19644150e+02, 5.05802490e+02, 2.19745499e+02, 4.71966583e+02,
       2.20455399e+02, 4.37891571e+02, 2.21021179e+02, 4.03513214e+02,
       2.21751923e+02, 3.68846100e+02, 2.22632324e+02, 3.34046173e+02,
       2.23409882e+02, 2.99204987e+02, 2.23823120e+02, 2.64124573e+02,
       2.24425278e+02, 4.66483002e+02, 4.07908173e+02, 4.27309814e+02,
       4.08559143e+02, 3.87768280e+02, 4.09195190e+02, 3.47891052e+02,
       4.09790649e+02, 3.07847900e+02, 4.10311249e+02, 2.67729095e+02,
       4.10648651e+02, 2.27377319e+02, 4.10829102e+02, 1.87207306e+02,
       4.11076813e+02, 1.46989975e+02, 4.11152313e+02, 4.62672455e+02,
       3.66953339e+02, 4.24408905e+02, 3.67479675e+02, 3.85742767e+02,
       3.68129456e+02, 3.46606354e+02, 3.68578949e+02, 3.07346954e+02,
       3.69120697e+02, 2.67851471e+02, 3.69395447e+02, 2.28521271e+02,
       3.69572906e+02, 1.89112427e+02, 3.69603821e+02, 1.49588806e+02,
       3.69672211e+02, 4.59291809e+02, 3.27508118e+02, 4.21794556e+02,
       3.28095581e+02, 3.83736755e+02, 3.28488220e+02, 3.45430695e+02,
       3.29042206e+02, 3.06564941e+02, 3.29495850e+02, 2.68185883e+02,
       3.29706940e+02, 2.29464615e+02, 3.29789795e+02, 1.90615189e+02,
       3.29849365e+02, 1.52042267e+02, 3.29790985e+02, 4.55737976e+02,
       2.89831970e+02, 4.19121338e+02, 2.90171997e+02, 3.81742676e+02,
       2.90507690e+02, 3.44221924e+02, 2.90730438e+02, 3.06211884e+02,
       2.91269867e+02, 2.68329712e+02, 2.91416016e+02, 2.30320297e+02,
       2.91547943e+02, 1.92265472e+02, 2.91524933e+02, 1.54243820e+02,
       2.91453918e+02, 4.52398590e+02, 2.53362976e+02, 4.16510956e+02,
